Webots Project File version R2025a
perspectives: 000000ff00000000fd0000000300000000000001ca0000039ffc0200000001fb00000012005300630065006e0065005400720065006501000000000000039f0000000000000000000000010000023a0000038afc0200000001fb0000001400540065007800740045006400690074006f007203000004c30000005c000002bd0000038a000000030000073e00000039fc0100000002fb0000000e0043006f006e0073006f006c006501000001d0000005b00000000000000000fb0000001a0043006f006e0073006f006c00650041006c006c0041006c006c01000000000000073e0000006900ffffff0000073e0000038a00000004000000040000000100000008fc00000000
simulationViewPerspectives: 000000ff00000001000000020000016c000005d00100000002010000000101
sceneTreePerspectives: 000000ff00000001000000030000001c000000c0000000fa0100000002010000000201
maximizedDockId: -1
centralWidgetVisible: 1
orthographicViewHeight: 1
textFiles: 1 "controllers/pose_imitation_controller/pose_imitation_controller.py" "../../../../../snap/webots/27/usr/share/webots/projects/robots/softbank/nao/controllers/nao_demo/nao_demo.c"
consoles: Console:All:All
renderingDevicePerspectives: NAO:CameraBottom;0;1;0;0
renderingDevicePerspectives: NAO:CameraTop;1;1;0.0477151;0.0224586
